0.0 A1 0.25 100 0
0.25 A1 0.25 90 0
0.5 C2 0.25 110 0
0.75 E2 0.25 100 0
1.0 A1 0.5 120 0
1.5 C2 0.25 100 0
1.75 E2 0.25 90 0
2.0 A1 0.25 110 0
2.25 A1 0.25 90 0
2.5 C2 0.25 100 0
2.75 E2 0.25 95 0
3.0 A1 0.5 115 0
3.5 C2 0.25 100 0
3.75 E2 0.25 90 0
4.0 G1 0.25 110 0
4.25 G1 0.25 90 0
4.5 B1 0.25 100 0
4.75 D2 0.25 95 0
5.0 G1 0.5 115 0
5.5 B1 0.25 100 0
5.75 D2 0.25 90 0
6.0 F1 0.25 110 0
6.25 F1 0.25 90 0
6.5 A1 0.25 100 0
6.75 C2 0.25 95 0
7.0 F1 0.5 115 0
7.5 A1 0.25 100 0
7.75 C2 0.25 90 0
8.0 E1 0.25 110 0
8.25 E1 0.25 90 0
8.5 G1 0.25 100 0
8.75 B1 0.25 95 0
9.0 E1 0.5 115 0
9.5 G1 0.25 100 0
9.75 B1 0.25 90 0
10.0 A1 0.25 110 0
10.25 A1 0.25 90 0
10.5 C2 0.25 100 0
10.75 E2 0.25 95 0
11.0 A1 0.5 115 0
11.5 C2 0.25 100 0
11.75 E2 0.25 90 0
12.0 G1 0.25 110 0
12.25 G1 0.25 90 0
12.5 B1 0.25 100 0
12.75 D2 0.25 95 0
13.0 G1 0.5 115 0
13.5 B1 0.25 100 0
13.75 D2 0.25 90 0
14.0 F1 0.25 110 0
14.25 F1 0.25 90 0
14.5 A1 0.25 100 0
14.75 C2 0.25 95 0
15.0 F1 0.5 115 0
15.5 A1 0.25 100 0
15.75 C2 0.25 90 0