0 D4 1.5 86 0
1.5 F4 0.5 82 0
2 A4 1 88 0
3 G4 1 84 0
4 F4 1.5 86 0
5.5 D4 0.5 80 0
6 A3 1 78 0
7 C4 1 82 0
8 D4 2 88 0
10 F4 1 84 0
11 A4 1 90 0
12 C5 1.5 92 0
13.5 A4 0.5 86 0
14 F4 1 82 0
15 G4 1 84 0
0 A4 1.5 88 0
1.5 C5 0.5 86 0
2 D5 1 90 0
3 C5 1 86 0
4 A4 1.5 84 0
5.5 F4 0.5 80 0
6 D4 1 78 0
7 E4 1 82 0
8 F4 1.5 86 0
9.5 A4 0.5 84 0
10 C5 1 88 0
11 A4 1 84 0
12 G4 2 86 0
14 E4 1 80 0
15 C4 1 78 0
0 D4 1.5 82 0
1.5 F4 0.5 78 0
2 A4 1 84 0
3 G4 1 80 0
4 F4 1.5 82 0
5.5 D4 0.5 76 0
6 A3 1 74 0
7 C4 1 78 0
8 D4 2 84 0
10 F4 1 80 0
11 A4 1 86 0
12 C5 1.5 88 0
13.5 A4 0.5 82 0
14 F4 1 78 0
15 G4 1 80 0
0 A4 1.5 84 0
1.5 C5 0.5 82 0
2 D5 1 86 0
3 C5 1 82 0
4 A4 1.5 80 0
5.5 F4 0.5 76 0
6 D4 1 74 0
7 E4 1 78 0
8 F4 1.5 82 0
9.5 A4 0.5 80 0
10 C5 1 84 0
11 A4 1 80 0
12 G4 2 82 0
14 E4 1 76 0
15 C4 1 74 0